----------
Level 0
N = 12
Divisors = 2,5
N = 27
Divisors = 3,2,3
N = 11
Divisors = 11
----------
Level 1
N = 10
Divisors = 2,4
N = 9
Divisors = 3,2
N = 8
Divisors = 2,3
N = 7
Divisors = 7
N = 6
Divisors = 2,2
N = 5
Divisors = 5
N = 4
Divisors = 4
N = 3
Divisors = 3
N = 2
Divisors = 2
----------
Level 2
N = 100
Divisors = 2,7,2,2
N = 88
Divisors = 4,3,2,2
N = 64
Divisors = 4,3,4
N = 56
Divisors = 2,3,2,3
N = 49
Divisors = 7,2,2
N = 41
Divisors = 41
N = 40
Divisors = 4,3,2
N = 35
Divisors = 5,2,2
N = 25
Divisors = 5,4
----------
Level 3
N = 1000
Divisors = 4,3,2,4,3,2
N = 962
Divisors = 2,3,3,2,5,4
N = 929
Divisors = 929
N = 667
Divisors = 23,4,2,2
N = 608
Divisors = 2,3,2,7,2,2
N = 598
Divisors = 2,2,4,4,2,3
N = 489
Divisors = 3,2,2,3,2,5
N = 361
Divisors = 19,2,2,3
N = 313
Divisors = 313
----------
Level 4
N = 10000
Divisors = 4,3,2,5,2,4,3,2
N = 8273
Divisors = 8273
N = 7785
Divisors = 5,2,3,2,2,3,2,3,2
N = 7050
Divisors = 2,2,3,2,2,5,4,2,2
N = 3977
Divisors = 41,6,3,4
N = 2820
Divisors = 3,3,2,5,2,2,2,2
N = 2809
Divisors = 53,2,5,4
N = 2101
Divisors = 11,2,2,2,2,2,4
N = 1340
Divisors = 2,3,2,2,2,2,2,5
----------
Level 5
N = 1000000
Divisors = 4,3,2,5,4,2,2,3,4,2,2,3,2
N = 909995
Divisors = 5,2,2,2,2,3,2,2,2,2,5,2,2,2,4
N = 659056
Divisors = 4,3,2,3,2,3,4,2,3,2,2,2,2,2
N = 608564
Divisors = 2,3,2,2,5,2,2,2,2,5,2,2,2,2,2
N = 564001
Divisors = 751,2,2,2,2,3,2,2,2
N = 296430
Divisors = 2,2,2,2,3,2,2,2,2,4,5,2,2,3
N = 168462
Divisors = 2,2,2,2,11,2,3,2,2,2,2,2,3
N = 87433
Divisors = 87433
N = 37001
Divisors = 163,2,2,5,2,4
----------
Level 6
N = 10000000
Divisors = 4,3,2,5,2,5,4,2,2,3,4,2,2,3,2
N = 9180904
Divisors = 4,5,2,3,2,2,3,2,2,2,5,2,2,2,2,2,3
N = 6587829
Divisors = 3,2,2,2,3,2,3,2,3,2,3,2,2,2,3,2,7
N = 6229409
Divisors = 6229409
N = 6135529
Divisors = 2477,4,2,2,3,2,2,11
N = 5236182
Divisors = 2,2,4,2,3,2,2,2,3,3,4,2,3,2,2,2,2
N = 2817277
Divisors = 1637,4,3,2,2,2,2,7
N = 2758975
Divisors = 5,2,4,3,2,2,2,2,5,2,2,2,2,2,7
N = 1573336
Divisors = 2,7,4,2,2,2,2,2,4,2,3,5,2,2
----------
Level 7
N = 1000000000
Divisors = 4,3,4,6,3,2,2,2,2,3,3,2,3,2,2,3,2,2,2,2,5
N = 698723785
Divisors = 5,4,4,2,2,2,2,2,3,2,2,3,2,3,2,2,2,4,2,2,2,3
N = 444185123
Divisors = 444185123
N = 347321500
Divisors = 4,2,2,2,5,2,2,3,5,2,4,3,2,2,3,4,2,2,2,2
N = 293620950
Divisors = 2,2,3,3,3,3,2,3,2,2,2,2,2,2,2,2,3,5,2,2,2,3
N = 119430394
Divisors = 2,2,7,2,2,3,2,2,4,2,2,2,3,4,2,2,2,3,2,3
N = 106744364
Divisors = 2,3,2,2,4,17,2,2,2,2,2,2,4,2,2,2,2,2,2,2
N = 44342281
Divisors = 6659,2,4,3,4,2,3,2,4
N = 32922619
Divisors = 5783,4,2,2,2,2,3,4,2,2
----------
Level 8
N = 50000000000
Divisors = 2,3,2,7,2,2,2,5,3,2,3,2,2,2,2,2,3,2,2,3,2,3,2,2,4,2,2
N = 48446341300
Divisors = 7,3,2,5,2,2,2,2,2,5,2,2,2,2,2,2,3,2,3,2,3,3,2,3,2,4
N = 44139574426
Divisors = 2,4,2,2,3,2,3,2,3,2,2,5,2,5,3,3,2,2,2,3,2,2,2,5,2,2
N = 37202138257
Divisors = 37202138257
N = 33022521841
Divisors = 181721,4,3,2,2,4,3,2,4,2,2,2,3
N = 24853282074
Divisors = 2,2,3,2,2,4,2,3,2,3,2,3,3,2,2,2,2,3,2,3,2,3,2,2,3,2,3
N = 20776741980
Divisors = 5,5,2,2,2,2,3,2,2,2,2,2,3,2,5,2,4,3,2,2,2,2,3,2,2,2
N = 6536533598
Divisors = 2,2,2,2,2,3,2,4,2,3,3,2,2,2,3,2,3,2,2,3,2,3,2,3,2,2
N = 6303780167
Divisors = 37567,4,3,2,2,2,2,2,5,2,2,2,3,2
----------
Level 9
N = 300000000000
Divisors = 3,3,2,5,2,5,2,3,2,2,3,4,2,2,2,2,3,3,2,3,2,2,3,2,2,2,2,5
N = 275762445328
Divisors = 4,3,4,3,2,7,2,2,2,2,3,2,2,2,2,2,4,2,2,2,3,2,2,2,2,2,3,2,3
N = 213699185603
Divisors = 213699185603
N = 209922497929
Divisors = 458173,4,2,2,2,4,2,4,2,2,2,2,2,2,5
N = 191296894992
Divisors = 2,5,3,3,2,2,3,3,2,2,3,3,3,2,2,2,2,2,2,2,3,2,2,2,2,3,4,2,2
N = 169773331643
Divisors = 381737,2,2,3,2,7,2,2,2,7,2,2,2,4
N = 104946881714
Divisors = 2,3,3,3,3,4,3,4,2,2,2,2,2,4,2,2,2,2,4,2,3,3,2,2,3,2,2
N = 85951817261
Divisors = 85951817261
N = 51274375337
Divisors = 9439,2,2,4,3,3,3,3,2,2,2,2,2,3,2,2,3,2
----------
Level 10
N = 1000000000000
Divisors = 4,3,2,5,2,7,2,2,2,5,3,2,3,2,2,2,2,2,3,2,2,3,2,3,2,2,4,2,2
N = 715976702456
Divisors = 2,3,4,3,2,2,5,2,4,2,2,3,4,2,2,6,3,2,2,2,2,2,2,3,2,3,2,2,2
N = 680266096591
Divisors = 680266096591
N = 611481400788
Divisors = 3,5,2,2,2,2,2,3,4,2,3,2,2,2,4,3,2,3,2,3,2,2,2,2,2,2,2,2,2,2,3
N = 589738834096
Divisors = 4,3,2,23,4,2,2,2,3,2,4,2,2,2,2,2,2,2,2,2,5,2,2,2,2,2,3,4
N = 461668510527
Divisors = 7,2,3,2,5,2,4,3,2,2,2,2,2,2,2,2,2,4,2,2,3,2,2,2,3,4,2,2,3
N = 366050410441
Divisors = 605021,4,2,2,4,2,3,2,2,2,5,2,2,2,3
N = 343272152012
Divisors = 2,3,2,2,2,5,2,5,2,2,2,4,3,5,2,2,3,2,2,2,2,2,2,2,2,5,2,2,3
N = 333566835377
Divisors = 573197,4,2,3,2,2,4,2,4,2,3,2,2,2,2
